 104
210
319
327
335
342
350
357
367
374
389
409
423
410
367
310
259
241
263
313
363
373
327
249
194
201
254
308
321
298
260
232
231
262
323
383
420
417
378
313
256
230
246
282
322
345
344
318
278
241
227
245
289
334
357
345
308
270
247
249
270
303
330
340
326
299
273
259
261
277
299
318
319
305
280
259
254
268
295
315
319
308
291
277
274
286
300
310
312
308
297
282
270
269
275
289
302
308
301
286
271
262
265
278
297
309
314
306
290
277
270
275
286
298
304
303
295
285
277
275
282
291
299
300
293
280
269
265
270
282
295
302
301
292
282
274
273
278
285
292
294
291
285
277
274
274
281
287
295
294
290
281
274
272
275
283
290
295
294
290
282
278
278
284
289
293
295
291
286
280
278
281
285
291
293
290
282
275
271
272
277
285
291
292
288
283
278
276
277
282
288
293
293
287
281
277
277
279
284
289
291
289
283
278
274
275
279
286
291
293
289
284
278
277
278
284
290
293
292
288
284
280
279
279
283
287
290
290
285
280
277
278
282
286
289
290
288
285
282
280
280
284
287
289
287
285
281
278
276
278
282
286
288
286
283
279
277
278
280
284
286
287
285
282
279
277
277
280
284
286
285
283
280
279
278
280
283
285
285
285
283
281
280
280
282
284
286
286
285
285
283
283
283
284
284
284
283
283
284
284
287
287
287
285
283
281
281
281
282
283
284
287
286
287
285
285
282
282
282
285
285
287
285
283
281
283
285
287
287
286
284
282
280
280
280
283
286
288
287
285
283
281
281
282
284
286
287
285
282
280
280
281
283
285
285
285
283
281
280
280
281
282
283
281
280
278
278
278
280
282
285
285
284
282
280
279
281
283
286
286
285
283
281
279
279
282
285
286
285
285
284
281
280
280
283
287
289
289
285
282
280
280
282
284
286
286
284
284
282
283
285
287
287
287
285
283
280
280
282
284
285
286
285
284
282
281
280
282
284
287
287
287
285
282
280
281
283
284
285
286
285
283
281
281
281
283
284
285
284
282
281
279
278
279
283
285
286
285
283
282
282
282
284
285
285
285
285
284
283
281
280
281
282
284
285
284
283
281
280
280
281
282
283
283
282
280
279
278
280
283
287
289
287
284
281
279
280
282
285
286
287
