 104
208
314
317
320
323
326
328
329
330
331
327
316
297
284
284
302
332
362
379
369
330
178
200
219
246
293
351
370
343
291
251
238
235
259
278
300
290
276
266
259
263
281
310
334
336
316
279
246
222
237
273
322
341
332
303
270
248
244
256
280
305
318
314
296
276
264
267
284
307
323
321
302
276
258
253
268
289
311
317
310
292
272
263
269
286
306
316
314
300
281
266
262
272
291
308
316
309
292
271
259
258
272
290
304
305
296
281
268
264
270
283
296
304
302
291
276
265
263
271
286
299
302
296
282
269
262
265
276
288
297
297
290
278
267
265
270
282
292
298
296
288
277
271
271
278
288
295
298
293
283
273
269
272
279
288
295
296
294
286
279
275
276
285
292
297
296
291
283
276
274
278
286
294
297
295
288
280
274
274
280
287
293
295
290
283
278
276
279
285
290
294
291
285
278
275
277
281
286
290
292
289
283
278
276
278
281
287
290
290
285
280
276
277
281
286
290
289
285
280
277
278
280
283
286
286
285
282
280
278
278
281
284
286
287
286
283
279
278
279
282
283
284
285
284
282
281
281
281
283
284
286
285
284
282
281
281
281
283
285
285
284
282
283
283
285
286
287
287
286
286
284
283
283
285
287
288
287
286
283
281
280
282
285
287
289
286
282
278
277
277
279
283
288
290
288
285
280
278
279
283
287
289
289
287
281
278
275
278
283
289
292
290
284
279
274
275
278
285
291
294
292
286
280
276
277
282
287
291
290
287
283
279
278
280
284
288
290
288
284
278
276
277
280
285
287
289
287
285
280
278
278
281
283
285
286
287
285
283
281
282
284
284
283
283
283
284
285
284
285
283
283
282
283
283
282
282
283
284
284
284
284
284
284
284
282
282
280
281
281
283
283
283
284
283
284
284
284
283
284
285
285
286
285
284
283
284
284
284
284
284
284
283
281
282
283
284
285
285
284
283
282
282
282
284
285
286
285
284
283
282
281
282
282
283
282
283
283
282
282
283
284
284
284
283
282
282
283
285
286
285
285
283
282
281
280
282
284
285
285
284
283
282
281
282
283
284
285
285
285
282
281
280
282
285
286
286
283
281
281
282
282
283
284
285
284
284
283
