 103
205
308
307
307
306
304
304
297
289
280
268
244
215
209
237
297
359
391
383
350
323
325
345
359
350
333
316
288
239
189
182
231
302
343
340
324
320
324
320
302
284
281
299
333
361
368
348
315
286
276
283
299
312
321
326
329
324
308
280
249
232
236
260
293
318
324
313
295
286
290
302
311
309
299
287
280
280
284
289
295
299
302
300
296
290
283
278
278
284
291
294
293
288
281
274
270
272
280
289
296
296
294
288
285
284
287
289
292
293
293
289
284
281
283
287
293
298
299
296
288
281
276
275
278
283
288
290
287
282
277
274
274
280
286
292
293
290
283
276
276
280
287
292
293
289
283
278
277
279
285
289
293
291
287
280
275
274
277
283
288
288
283
277
272
271
275
281
287
290
290
287
282
278
277
279
282
285
285
284
282
280
279
280
282
285
286
285
282
280
278
278
280
282
284
284
281
277
275
274
278
282
286
287
286
282
278
278
282
287
290
292
289
286
280
277
275
278
283
287
288
285
280
275
272
275
279
285
287
288
284
280
276
275
275
281
286
290
290
286
282
277
276
278
282
286
287
287
284
279
277
275
279
282
286
289
290
288
284
278
275
276
280
284
285
284
283
279
276
275
276
281
286
289
289
285
280
276
275
279
284
290
292
289
283
278
274
274
277
282
287
289
288
281
277
273
275
278
282
286
286
284
281
277
274
274
279
284
288
289
286
279
275
274
277
281
285
288
287
283
277
273
274
279
283
286
287
285
279
276
274
276
279
283
286
286
284
279
276
275
279
282
286
287
286
283
279
276
275
278
282
285
286
285
282
280
277
276
278
283
287
288
287
283
278
275
274
276
280
283
285
283
282
281
281
281
283
284
285
283
280
280
280
282
282
282
282
281
281
281
282
281
281
281
282
281
281
283
282
283
283
282
280
279
280
279
280
281
282
284
282
283
282
281
281
281
282
282
281
282
283
283
281
281
279
280
280
282
282
281
281
281
282
282
281
280
280
280
282
284
285
283
281
279
279
277
278
281
283
284
282
280
278
279
280
283
284
284
283
281
280
279
279
280
282
283
282
281
280
280
280
281
282
283
284
283
281
280
281
280
282
282
284
284
282
279
278
279
280
282
283
284
282
280
279
279
