 104
209
317
324
331
338
344
350
355
361
372
385
396
395
379
358
397
433
323
211
115
183
206
289
295
345
288
267
219
244
272
302
379
301
267
238
323
292
182
172
222
250
257
230
277
298
320
315
330
351
340
315
288
252
235
252
291
319
328
319
286
250
232
234
250
277
304
314
307
293
276
260
257
270
285
296
300
296
285
275
269
268
271
279
286
287
285
281
274
270
273
281
287
290
287
279
270
266
268
276
288
298
297
287
276
266
265
272
285
296
301
299
292
281
274
272
278
287
298
300
294
282
272
266
271
282
295
302
301
291
277
266
264
269
281
291
297
294
286
277
267
265
272
282
291
293
289
280
272
268
268
274
282
290
292
288
279
273
269
271
276
281
284
283
280
276
274
275
278
283
285
282
277
271
268
268
273
280
287
287
285
278
272
268
270
277
287
293
293
289
281
274
270
273
280
289
295
296
289
282
274
273
276
283
291
295
293
285
276
271
272
276
284
291
292
286
279
273
273
275
281
287
290
289
281
274
270
273
278
284
288
288
285
279
275
274
275
279
281
284
282
280
275
273
273
276
279
282
281
278
273
270
271
275
279
284
285
286
283
278
276
277
282
284
287
287
285
282
279
276
275
277
282
289
292
292
286
281
276
274
277
282
288
289
289
284
279
276
276
279
282
286
287
287
283
280
277
277
280
285
286
287
285
282
278
277
279
282
284
286
284
282
277
275
274
279
283
288
288
284
277
273
272
276
281
286
287
285
279
275
272
272
276
281
285
285
282
279
276
274
276
278
282
283
283
281
279
276
274
273
275
278
282
284
284
281
278
276
274
276
281
286
290
288
284
277
274
273
275
280
287
291
290
286
280
275
274
276
281
285
287
287
284
281
278
277
279
281
283
285
286
284
283
280
278
279
281
282
282
282
281
281
280
279
280
280
281
281
281
281
279
281
280
280
279
279
279
279
279
279
281
282
283
283
283
281
279
278
280
280
281
281
282
282
281
280
280
280
279
280
280
280
280
280
282
281
281
280
279
279
281
280
281
279
281
281
281
281
281
283
284
284
284
283
283
281
281
281
282
283
283
283
281
280
279
277
278
278
280
280
280
279
279
278
280
279
280
279
279
277
277
275
277
278
281
282
282
279
276
275
276
