 62
125
189
253
318
322
325
329
333
337
341
347
351
350
289
295
298
302
307
311
314
318
323
326
328
324
313
297
285
284
295
318
340
348
338
312
280
256
252
268
297
326
344
345
333
320
315
318
324
327
325
317
309
307
307
306
301
294
286
284
287
292
298
303
309
319
333
345
352
350
338
322
308
301
299
298
297
294
291
288
290
295
302
313
325
335
340
340
331
318
305
295
290
288
288
287
283
278
273
271
275
284
298
313
326
331
331
326
320
316
312
309
305
302
297
295
293
294
295
299
305
312
318
323
326
324
321
319
317
315
312
306
297
287
278
272
272
275
282
290
298
303
307
310
313
317
322
327
330
327
322
313
303
294
289
287
289
293
297
300
304
305
309
314
323
329
332
330
324
314
303
293
285
280
278
281
284
287
289
291
292
297
305
314
321
325
324
319
313
307
303
299
296
292
288
286
287
288
292
297
303
308
312
316
317
315
312
309
305
300
297
292
286
280
276
274
274
277
283
290
297
304
310
314
317
317
317
315
312
307
304
300
296
294
292
291
291
293
296
301
307
311
316
319
320
320
318
314
307
300
293
287
282
281
281
282
283
285
288
292
299
305
311
316
319
319
318
315
310
306
299
294
290
288
288
289
293
295
298
301
305
309
313
316
316
314
310
306
300
295
289
284
280
277
276
278
280
284
288
294
297
302
305
307
308
308
307
304
301
298
294
290
288
285
285
286
290
294
299
303
306
308
308
308
308
306
303
299
295
288
283
279
277
277
279
282
285
289
293
298
302
307
310
311
310
309
307
303
299
295
291
289
289
290
291
293
296
298
301
303
307
308
309
309
308
305
302
297
291
285
279
277
275
277
280
285
288
292
294
297
301
305
308
311
311
307
302
297
292
289
288
288
289
290
291
293
293
295
298
301
305
309
309
308
304
298
290
285
282
281
281
283
283
283
283
284
286
291
296
301
306
307
307
306
304
302
299
297
293
291
288
287
286
287
290
293
296
300
302
304
304
304
302
301
300
297
294
290
285
282
280
279
280
283
285
289
292
295
298
301
304
307
309
308
306
303
298
292
290
288
288
290
291
292
294
295
296
299
302
304
305
304
303
299
294
291
288
284
282
282
282
283
283
284
285
286
288
293
297
300
302
302
300
297
295
294
291
291
290
288
286
286
286
286
289
293
297
299
301
302
301
299
297
295
292
288
285
282
280
279
279
280
282
284
288
291
295
297
299
301
302
302
302
300
297
295
290
288
287
286
287
290
292
293
296
297
298
299
302
302
302
300
297
292
288
284
282
282
283
283
283
283
283
284
286
290
294
297
299
300
300
298
298
295
292
290
288
285
285
285
286
288
290
292
293
294
296
297
297
296
295
293
291
289
287
283
280
278
277
278
280
283
286
289
290
292
293
295
295
296
297
296
293
291
289
287
287
288
289
289
290
291
292
293
295
296
298
299
299
298
297
294
291
287
283
280
279
279
280
281
283
284
286
289
292
295
297
299
300
299
297
294
292
290
288
288
288
289
288
289
290
290
291
293
294
295
296
296
295
292
290
287
285
282
280
279
278
278
279
281
283
284
286
288
290
290
292
293
294
294
293
292
290
288
287
286
285
285
286
287
287
289
291
294
296
297
298
296
294
291
288
285
283
280
280
280
281
286
