 103
206
310
309
310
311
312
314
314
315
321
326
320
306
297
305
313
303
275
249
247
266
285
287
273
257
249
245
243
241
275
365
482
540
480
319
206
220
333
410
386
308
248
269
360
437
415
299
207
220
314
384
363
285
237
265
339
384
364
303
262
264
300
332
334
304
277
288
333
367
354
305
263
262
298
333
338
314
291
298
324
338
319
285
265
276
305
328
330
315
303
306
320
326
312
289
276
286
310
330
329
315
302
300
303
301
291
281
279
290
308
321
322
312
303
298
300
299
295
290
291
300
311
316
313
304
294
287
286
286
288
289
293
299
308
311
308
300
292
288
289
291
294
296
301
306
309
307
300
292
285
285
288
293
296
298
302
306
310
307
301
293
290
291
295
300
303
302
302
302
302
298
292
286
283
286
293
300
303
304
303
303
301
298
294
291
291
295
300
303
304
302
299
295
291
287
285
284
287
290
296
299
300
299
296
294
293
291
291
291
294
296
298
297
296
293
290
287
286
286
287
289
291
294
295
296
296
294
291
288
288
289
291
293
295
295
294
292
289
287
286
287
287
289
291
293
295
295
295
295
294
292
290
289
290
292
295
295
295
292
290
289
288
287
286
287
290
292
295
296
296
295
294
293
291
290
290
291
293
294
295
294
293
289
287
287
287
288
288
291
293
295
294
293
292
292
291
291
291
291
292
292
293
292
292
289
287
287
288
289
288
288
288
290
291
292
292
290
288
288
288
290
291
291
291
291
290
290
287
285
284
285
288
288
288
288
288
290
290
291
290
289
288
288
289
290
290
289
288
288
287
287
288
288
288
289
291
292
292
292
291
291
291
292
291
290
289
289
290
291
290
289
288
288
288
288
288
289
290
291
292
292
290
289
288
289
289
289
288
288
289
291
292
291
289
288
286
285
286
286
287
288
290
291
290
289
288
288
290
289
289
287
287
288
290
289
287
286
286
287
286
287
289
289
289
287
288
289
290
289
289
289
289
290
290
290
289
289
289
289
289
288
288
288
288
289
290
289
289
288
289
289
290
289
288
287
288
289
290
290
288
287
287
287
288
289
289
287
287
288
290
290
290
290
289
288
287
287
288
288
288
287
288
289
288
287
287
287
289
289
290
288
289
290
291
290
288
287
288
289
287
