 104
206
307
305
306
306
305
304
303
302
299
292
282
273
268
268
270
275
282
285
281
269
257
250
249
253
259
268
279
294
314
339
360
364
348
321
299
293
303
327
356
376
369
325
244
138
54
22
80
204
365
488
521
454
350
278
255
247
226
198
187
210
270
354
428
448
403
320
259
248
275
291
270
230
212
244
321
405
451
435
362
267
190
160
187
256
334
385
389
350
290
242
228
255
308
358
383
375
346
313
289
279
278
278
283
291
301
299
290
281
279
291
315
343
362
358
332
297
271
266
277
297
311
313
303
285
269
259
260
269
287
306
322
325
314
299
288
291
304
321
331
329
316
300
285
279
280
288
297
306
310
309
302
294
292
296
308
321
330
328
317
302
289
282
281
284
286
288
285
282
276
275
278
287
300
315
327
329
323
310
299
293
293
296
298
297
294
289
286
284
284
287
292
299
305
309
309
307
303
302
304
308
311
312
306
298
286
276
269
271
278
287
294
298
298
295
293
296
302
309
315
316
314
309
304
301
298
296
293
291
288
287
287
291
296
302
306
312
314
316
313
310
304
298
294
292
292
290
287
282
278
274
273
274
280
288
297
304
306
305
301
299
300
303
305
303
300
296
293
290
287
285
284
286
288
290
293
296
298
298
299
302
305
309
310
309
300
291
282
278
278
280
282
284
285
284
285
285
288
292
299
307
312
314
311
306
299
293
290
290
292
294
293
291
289
287
287
289
293
299
305
310
312
311
307
301
295
292
289
289
288
286
285
281
278
274
274
278
283
289
296
300
304
305
306
303
300
298
297
297
296
295
293
292
290
288
285
286
287
292
297
301
304
304
303
300
298
296
295
294
291
290
288
285
281
278
277
278
281
285
291
297
301
302
301
300
300
300
299
297
294
292
291
290
289
288
286
284
283
284
288
294
298
299
299
298
299
302
303
303
301
296
290
282
277
275
278
283
287
288
287
285
286
287
291
296
302
304
305
303
302
299
296
292
291
289
288
287
288
288
289
290
293
295
298
300
302
301
300
298
295
292
289
287
286
284
283
280
278
276
278
280
285
288
291
293
295
297
298
297
297
297
297
295
292
289
285
284
284
286
288
289
289
289
289
289
291
295
299
300
300
297
295
293
291
289
288
285
283
280
279
