 103
208
315
320
325
329
334
339
344
349
356
363
365
354
331
298
262
237
236
264
308
347
362
351
326
301
269
263
256
249
244
238
232
216
188
165
175
235
320
384
397
372
341
313
287
257
239
234
244
267
303
341
365
358
326
296
293
318
344
349
323
288
266
271
296
319
321
300
267
243
242
263
288
310
324
332
333
324
309
292
282
288
303
319
325
320
310
300
292
286
284
287
294
304
310
310
305
297
295
301
316
329
334
324
306
287
274
269
271
279
287
291
289
284
277
275
280
294
310
324
328
325
317
311
309
307
302
295
286
280
276
279
283
292
301
311
317
320
317
312
307
302
302
302
302
301
296
293
289
286
284
282
283
285
291
297
302
304
305
306
308
311
316
316
313
305
298
291
288
288
292
296
300
302
303
301
300
300
302
306
310
312
310
305
299
292
288
284
282
280
279
279
278
281
284
288
294
298
304
306
306
302
300
299
300
301
301
300
297
293
288
285
285
288
292
298
303
307
309
309
306
305
303
303
304
303
299
290
282
278
278
281
285
290
295
295
294
293
294
297
301
306
310
312
310
307
303
298
293
288
284
284
286
288
291
294
299
303
306
307
308
309
308
303
297
289
283
280
280
283
285
286
285
284
281
282
285
293
299
305
308
309
305
301
297
295
292
291
291
289
289
289
289
290
292
295
298
301
304
305
303
300
296
294
294
295
295
292
287
281
276
274
276
280
288
293
296
296
297
297
297
297
299
302
304
302
297
292
287
284
284
287
291
295
295
294
293
293
296
300
306
307
307
302
296
289
283
281
282
285
285
284
282
281
280
280
284
291
298
304
306
306
301
297
293
290
290
292
292
292
289
288
285
284
285
289
294
299
301
301
298
296
294
292
293
295
296
295
292
286
280
275
273
276
283
289
294
296
297
295
293
293
294
297
300
301
299
294
291
288
287
287
288
290
293
295
297
295
292
290
292
296
302
304
303
298
291
283
278
276
277
280
285
287
287
286
285
286
288
293
297
299
300
300
298
294
290
287
287
288
287
288
288
288
287
287
288
291
297
301
304
306
307
309
307
306
305
305
304
304
304
301
295
