 104
209
315
319
325
330
334
337
341
346
350
350
341
322
304
310
345
385
388
348
299
279
295
320
346
368
392
398
373
317
258
229
223
209
174
160
197
270
326
331
296
254
241
301
382
459
447
382
285
219
204
218
245
272
307
350
389
405
376
306
222
165
171
236
329
398
413
370
300
243
226
247
283
316
332
332
320
300
279
260
253
262
286
312
325
317
292
265
255
266
293
316
325
309
277
244
229
237
266
299
322
325
309
285
262
252
258
277
300
317
319
307
285
264
255
263
282
303
315
314
301
281
265
260
269
287
304
311
306
291
274
261
261
271
288
302
308
304
290
275
264
265
275
292
305
309
300
285
270
261
262
273
288
300
302
295
282
269
263
265
274
287
296
297
288
277
266
262
266
276
287
294
293
287
278
269
266
270
280
291
297
295
287
276
267
266
271
282
292
297
295
286
276
270
269
277
286
294
295
290
281
272
268
270
278
288
295
296
291
282
275
273
276
282
288
291
290
285
279
275
275
278
284
289
290
286
280
274
272
275
282
289
292
292
286
279
273
274
279
285
291
292
290
284
278
273
273
278
284
290
291
288
282
277
275
277
281
285
288
288
285
279
276
275
278
282
286
288
286
283
278
276
275
278
281
285
287
285
282
278
277
277
280
283
285
286
285
282
278
276
277
281
285
287
286
283
278
277
277
281
284
287
287
284
279
276
275
277
282
286
286
285
282
281
279
279
279
283
286
287
286
282
280
277
278
279
281
285
285
285
283
280
278
278
280
