 103
208
314
316
319
322
326
329
331
333
338
342
342
331
312
289
270
265
273
292
305
304
303
300
294
282
269
258
250
235
209
185
192
257
362
455
470
397
275
201
197
242
278
307
337
367
369
349
304
264
250
288
358
410
402
342
269
222
219
250
292
324
335
327
301
264
235
230
258
302
347
374
367
328
280
256
263
295
329
344
330
303
277
264
258
263
281
306
327
337
328
303
278
267
279
305
330
338
327
303
280
266
262
267
278
291
300
303
297
287
276
276
290
314
336
344
335
315
293
280
277
288
298
306
304
298
287
279
279
289
305
323
336
339
327
308
288
277
277
284
293
295
293
287
282
276
272
272
280
294
310
318
318
309
300
296
298
304
310
311
304
294
283
276
274
278
288
300
308
311
307
302
298
297
301
305
309
309
305
299
293
289
283
280
277
278
281
286
290
293
295
299
304
307
310
310
307
302
298
295
292
290
290
289
289
289
290
292
295
299
301
304
304
304
300
299
297
297
296
296
294
289
282
276
273
272
276
283
291
298
301
303
300
297
294
297
300
303
303
301
296
291
287
286
285
288
289
294
296
297
296
296
296
301
305
310
310
306
298
290
281
277
279
286
291
293
291
287
284
281
283
289
297
305
310
311
308
303
298
293
291
289
290
290
290
290
290
289
290
293
299
303
305
305
303
299
295
292
290
289
286
286
283
281
278
277
276
278
284
289
293
295
296
296
296
298
301
302
301
297
292
287
282
281
282
285
289
291
291
291
291
293
296
299
302
302
300
296
295
294
293
290
286
284
283
281
282
284
286
289
293
298
300
301
301
300
299
300
299
297
296
293
292
290
291
291
290
290
290
293
296
299
299
298
298
297
295
293
291
289
286
282
280
281
282
282
281
281
282
282
286
289
295
298
300
299
296
293
291
289
289
290
291
289
289
287
286
286
289
292
295
297
297
297
295
294
293
293
292
292
290
286
282
280
280
281
283
288
292
294
295
292
291
290
292
294
298
301
301
298
294
288
285
283
285
288
290
291
291
290
291
292
295
296
297
297
295
294
291
288
283
282
282
284
285
285
282
280
278
281
284
290
294
296
296
293
290
288
290
292
292
292
