 311
314
317
319
321
325
329
332
333
336
346
341
313
269
226
193
186
204
235
267
287
275
242
199
174
192
276
431
596
640
533
388
289
237
224
213
195
227
317
352
215
0
279
493
685
686
319
82
0
9
166
326
522
608
602
502
343
231
212
221
250
318
488
194
281
276
155
137
242
421
490
511
411
225
110
93
191
346
466
521
441
305
219
175
193
237
298
348
348
334
281
208
186
234
328
408
438
387
279
193
167
197
270
355
414
406
341
271
207
189
227
285
332
350
337
289
231
204
224
275
331
370
369
317
254
213
206
237
295
346
360
338
293
247
216
229
261
303
327
337
314
271
240
231
252
288
327
342
326
295
258
237
239
268
307
332
340
321
285
248
242
253
278
307
330
322
300
273
252
254
271
299
322
327
316
290
265
253
263
286
307
320
321
303
276
259
255
266
286
308
314
305
287
270
258
262
281
301
311
310
297
278
261
259
267
286
305
308
298
282
267
261
264
277
290
298
299
290
272
262
262
271
283
294
297
291
280
270
270
268
277
284
292
292
287
279
274
269
271
279
286
289
288
287
281
276
273
275
284
291
295
294
287
279
277
278
283
290
293
292
290
283
279
276
282
290
295
295
291
287
283
279
280
289
296
299
296
294
282
282
279
285
289
295
294
292
289
279
275
282
285
292
292
292
288
277
277
277
281
288
291
292
287
283
277
278
281
284
288
287
290
284
282
274
278
277
282
285
290
285
281
280
272
272
276
281
287
287
289
281
276
275
274
278
284
289
287
283
281
276
273
277
282
287
290
285
286
281
276
280
281
283
287
290
286
283
283
282
284
285
285
286
288
289
285
285
283
283
286
288
291
289
289
286
284
286
284
288
290
289
288
287
286
284
287
285
285
288
289
288
286
282
280
284
285
288
288
288
285
283
282
282
286
283
286
282
283
279
279
279
279
283
286
286
284
279
281
280
280
284
282
282
284
277
281
281
278
283
283
279
280
277
280
282
280
284
279
279
279
283
281
281
282
283
284
282
280
280
281
284
285
286
286
283
285
287
283
284
280
287
290
288
287
281
282
281
285
289
288
291
292
290
285
283
285
286
287
288
292
288
287
287
286
290
286
288
289
288
284
283
284
288
286
288
289
286
282
281
283
285
288
