 31
62
93
124
155
186
217
248
279
310
309
307
304
302
301
302
353
351
350
348
346
344
341
338
332
324
314
276
282
288
295
302
308
315
321
327
333
338
341
339
333
320
315
310
305
300
294
289
283
277
272
269
271
275
281
288
292
294
294
294
296
298
301
302
300
296
292
289
288
288
289
290
290
288
286
283
281
282
285
291
296
300
301
299
296
296
296
299
299
298
295
291
287
284
283
285
288
292
296
300
303
303
302
301
301
300
300
298
295
292
287
284
282
282
284
287
290
292
294
294
294
295
296
298
300
300
299
297
295
293
292
293
293
294
295
295
294
294
294
294
295
296
297
297
295
292
288
284
282
280
280
279
278
277
277
277
279
283
286
290
293
295
295
295
295
294
294
293
293
292
291
290
289
289
290
292
294
296
297
299
299
299
299
299
298
296
294
292
290
288
286
285
285
285
287
289
292
294
295
297
297
298
298
299
298
296
294
291
289
288
288
287
287
287
288
290
291
293
294
294
295
295
294
292
290
288
286
284
283
281
280
280
281
282
284
285
287
289
290
292
293
294
295
296
295
294
292
291
290
290
290
290
290
290
292
293
294
295
295
296
296
295
294
292
290
288
286
284
282
282
281
281
282
283
284
286
289
291
293
294
295
295
295
295
294
293
292
291
290
289
288
288
289
289
290
291
293
294
295
295
296
295
293
291
289
287
286
285
284
283
283
283
284
285
287
289
290
292
293
294
294
294
293
293
292
291
290
289
288
287
286
286
288
289
291
292
293
293
293
293
292
291
290
288
286
285
283
282
282
281
281
283
284
286
287
289
290
291
292
293
294
294
293
292
290
289
288
287
287
287
288
289
290
292
292
293
293
292
291
291
290
290
288
286
284
283
282
283
283
284
285
286
287
288
289
290
292
293
294
294
294
293
291
291
290
290
289
289
289
288
288
288
289
290
291
292
292
292
291
290
289
288
286
285
284
283
282
281
281
281
282
283
285
286
288
290
291
291
291
292
291
290
289
289
287
286
286
286
286
286
287
288
289
290
291
291
291
290
289
288
287
286
284
283
281
280
281
281
281
282
284
286
287
287
288
289
289
290
290
290
289
288
287
287
286
286
286
287
288
288
288
289
290
290
291
291
290
289
287
286
285
283
282
281
280
280
280
281
281
283
285
286
288
288
289
290
290
290
289
288
287
286
285
284
284
284
285
286
287
288
289
289
290
290
290
290
289
288
287
286
285
284
283
283
282
282
283
283
284
285
286
286
286
288
289
290
290
289
288
287
286
285
285
285
285
285
285
285
286
287
288
289
289
288
288
287
286
285
284
283
282
282
281
280
280
281
281
282
282
283
285
287
289
290
290
290
290
289
289
288
288
287
285
285
285
285
286
287
287
288
288
289
289
289
288
288
287
286
285
284
283
282
281
280
280
281
282
283
284
285
286
287
288
288
289
289
289
288
288
287
286
286
285
286
286
287
287
288
288
289
289
289
289
289
288
287
286
285
284
282
282
281
281
281
281
282
282
283
284
285
286
287
287
287
287
287
287
287
287
287
286
286
286
286
286
287
288
288
289
289
289
289
288
287
286
285
284
283
282
281
280
280
280
280
281
282
283
284
285
286
287
287
288
288
288
288
287
286
285
285
284
284
285
285
285
285
286
287
287
287
287
287
287
286
285
284
283
282
281
281
281
281
282
282
283
283
284
285
285
286
286
286
286
286
286
286
286
286
286
285
285
285
285
285
285
286
286
286
287
286
287
286
285
285
284
283
282
281
280
280
280
280
280
281
282
283
284
286
286
286
286
287
288
288
288
288
287
286
286
286
286
286
286
286
286
286
285
285
285
286
286
286
285
284
283
277
277
278
278
279
279
281
282
283
283
284
284
285
286
286
286
286
286
285
285
285
286
286
285
285
285
285
285
285
286
286
286
284
284
284
284
284
284
284
285
285
285
286
286
287
287
287
287
286
286
285
285
285
285
285
285
285
285
286
286
287
287
287
286
286
286
285
285
285
284
283
282
282
281
281
281
280
281
281
282
283
283
283
284
284
285
285
285
285
285
285
285
285
284
285
285
285
285
285
286
285
285
285
285
284
284
283
283
282
282
281
281
280
280
281
281
282
282
283
283
284
284
285
285
285
285
285
284
284
284
283
283
283
283
283
283
284
284
284
284
285
286
286
285
285
285
284
284
284
283
283
282
281
281
281
281
282
282
282
283
283
284
284
285
285
285
285
284
284
283
283
283
283
283
283
283
283
284
284
285
285
285
285
284
284
283
283
283
282
282
282
281
281
281
282
282
283
284
284
285
286
286
287
286
285
285
285
285
284
283
283
283
283
283
283
283
284
284
284
284
284
284
284
284
284
283
282
281
281
281
281
281
281
281
281
281
288
287
288
287
286
286
286
285
284
