 15
31
47
63
80
96
113
131
148
166
185
204
223
240
255
269
283
299
316
334
334
331
324
316
307
302
300
299
299
297
293
286
279
275
274
277
281
283
281
277
273
272
274
280
287
294
297
298
297
294
292
293
296
300
303
303
300
296
292
291
291
294
297
300
300
298
293
289
287
288
291
295
299
299
298
295
293
293
295
297
300
303
304
303
301
300
299
301
304
306
307
305
301
297
294
293
293
294
295
295
294
292
289
287
286
287
289
291
291
291
289
287
286
287
288
290
292
293
293
293
292
293
293
295
298
299
299
298
296
294
293
293
293
294
294
293
292
290
289
288
288
289
289
290
290
290
289
288
288
289
291
292
293
294
294
294
294
295
297
298
300
301
301
301
300
299
298
298
298
297
296
295
294
294
293
292
292
291
291
290
290
290
290
289
289
289
290
290
291
291
291
292
292
293
294
295
295
296
297
297
297
296
296
296
295
295
294
293
292
291
290
289
288
288
287
287
286
286
285
285
285
285
284
285
285
286
286
287
287
288
289
290
290
291
292
293
293
294
295
295
295
295
295
294
294
293
292
291
290
290
290
290
289
289
289
289
289
289
289
289
289
289
289
290
290
291
292
292
293
294
294
295
295
296
296
296
296
296
296
296
295
295
295
294
293
292
290
290
289
289
288
288
288
287
287
286
286
287
287
287
287
287
287
288
288
289
290
291
292
292
293
293
292
292
293
293
292
292
291
291
290
289
288
287
287
287
286
285
284
284
283
283
283
284
284
284
285
285
285
286
286
287
288
289
290
291
291
292
293
294
294
295
295
295
295
294
293
293
292
291
291
290
290
289
289
288
288
287
287
287
287
287
287
287
287
287
287
287
288
289
289
290
291
291
291
292
292
292
293
293
292
292
292
291
290
290
289
289
288
288
287
286
285
285
284
284
284
284
284
284
284
284
283
284
284
285
286
286
287
287
287
288
288
289
290
291
291
291
291
290
290
290
290
289
289
288
287
286
286
285
285
286
286
286
285
285
285
285
285
285
286
287
287
287
288
288
288
289
290
291
292
292
292
292
293
293
292
292
292
292
292
291
290
289
288
288
288
288
287
287
286
286
285
285
286
286
286
286
286
286
286
286
287
287
288
289
289
289
289
290
290
