 103
209
316
321
324
328
333
339
344
349
360
375
389
395
394
392
383
358
314
260
221
218
259
320
365
367
339
309
297
294
271
223
169
154
190
266
344
401
425
409
370
317
267
239
255
317
381
404
368
294
231
221
268
329
360
340
300
260
243
238
253
282
315
340
349
336
299
251
223
233
274
321
354
356
327
283
245
229
242
279
321
347
343
312
268
236
233
259
298
331
343
326
292
252
229
229
254
293
327
339
326
294
262
245
253
280
311
330
330
311
284
262
255
265
286
313
328
324
302
275
255
252
268
291
311
317
309
288
265
250
251
266
288
307
313
303
284
264
254
259
278
299
311
309
295
276
260
254
262
280
299
309
305
290
272
258
256
265
283
298
305
299
285
270
259
260
270
286
298
303
297
283
269
261
265
277
291
300
301
292
279
268
264
267
276
288
297
298
289
277
268
265
271
281
291
296
294
286
275
267
267
274
284
293
297
293
286
278
273
273
278
286
293
294
291
282
275
270
273
280
289
294
294
289
280
272
269
273
281
289
293
292
285
278
273
273
276
284
291
293
290
282
275
271
271
276
284
290
291
286
279
274
271
272
278
283
289
290
287
281
275
273
276
281
287
290
289
283
276
272
271
274
281
288
291
290
283
276
271
270
275
282
289
292
289
284
277
273
272
275
281
288
291
291
284
277
269
267
272
282
290
294
291
285
278
273
272
278
286
293
295
293
287
278
273
273
279
287
293
295
291
284
278
275
274
279
283
289
290
288
283
279
277
278
281
285
288
288
284
279
275
275
277
282
286
288
286
282
276
273
274
278
285
289
291
288
280
273
270
273
278
283
286
288
286
281
277
274
275
278
281
284
285
282
280
277
277
277
279
281
284
285
284
281
279
278
279
281
285
287
286
284
282
279
277
278
282
285
286
286
283
280
278
278
281
284
287
288
288
286
282
281
280
282
284
286
285
284
281
280
280
280
282
283
283
283
281
281
282
283
284
284
284
283
283
282
281
282
282
283
283
284
283
282
281
281
281
281
280
279
278
278
