 15
31
46
62
77
93
109
124
140
155
170
183
196
208
221
235
249
264
278
290
286
282
277
275
273
273
276
279
283
287
291
294
297
298
295
289
284
283
288
296
301
303
302
301
299
297
294
292
291
290
287
284
280
279
284
292
302
306
302
296
290
289
290
293
296
300
302
300
295
289
284
284
288
293
295
294
289
283
280
280
283
288
293
295
294
289
284
281
281
285
288
290
289
286
282
280
280
282
285
288
289
288
284
280
278
279
282
285
288
289
287
284
281
280
281
284
286
287
286
284
280
278
278
280
283
286
287
285
283
280
279
280
282
285
287
287
286
283
281
281
282
284
287
287
287
285
282
281
281
283
285
287
287
286
284
282
282
282
284
286
288
287
286
284
283
283
284
285
286
287
286
284
282
281
282
283
284
285
286
285
283
282
281
282
283
284
285
285
284
283
282
282
283
284
285
285
285
283
282
281
281
282
283
284
284
284
282
281
280
281
282
283
284
284
283
281
281
280
281
282
283
284
283
282
281
280
280
281
282
283
283
282
281
281
280
281
282
284
284
284
283
282
282
282
282
283
284
285
284
283
282
282
282
283
284
284
284
284
283
282
282
282
283
284
285
284
284
283
282
282
283
283
284
284
284
283
282
282
282
282
283
284
284
283
282
282
281
282
282
283
283
283
283
282
281
281
282
283
283
283
283
282
281
281
281
281
282
282
282
282
281
280
280
281
281
282
282
282
281
281
280
280
281
282
283
283
282
282
282
281
282
282
283
283
283
283
282
282
282
282
283
283
283
283
282
282
282
282
282
283
283
283
283
282
282
282
282
283
283
283
283
283
282
282
282
283
283
283
283
283
282
282
282
282
282
283
283
282
282
281
281
281
281
282
282
282
282
281
281
281
282
282
283
283
283
282
282
281
282
282
283
283
283
283
282
281
281
282
282
283
283
282
281
281
281
281
281
282
282
282
281
281
281
280
281
282
282
283
282
282
282
281
282
282
283
283
283
283
282
282
282
282
283
283
283
283
283
282
282
282
282
283
283
283
283
283
282
282
282
282
283
283
283
283
283
282
282
282
283
283
283
283
283
282
282
282
282
283
283
283
283
283
282
282
282
282
283
283
283
283
283
283
282
283
283
284
284
284
283
283
283
