 31
63
95
127
161
194
228
263
297
332
336
338
337
334
332
332
335
339
342
340
332
322
312
307
305
303
299
293
288
289
296
305
311
310
304
294
286
280
276
272
266
260
256
256
259
266
275
283
286
284
281
278
279
283
289
293
292
288
283
281
281
284
289
293
295
295
292
288
285
284
287
292
295
296
293
288
284
283
285
288
292
292
290
285
281
279
280
284
289
294
295
293
290
286
285
286
289
292
293
292
289
285
283
282
284
286
288
287
284
281
277
277
278
282
285
286
286
283
281
279
279
281
283
285
285
283
280
278
277
278
280
281
282
282
280
277
275
275
276
278
280
280
279
277
276
276
278
280
282
283
283
282
281
280
279
280
281
283
283
283
281
280
279
279
280
282
283
284
283
282
281
281
282
283
285
286
286
285
284
283
283
284
286
287
286
286
284
282
282
282
282
284
284
284
284
283
282
282
283
284
286
286
285
285
283
282
282
282
284
284
284
283
281
280
279
279
280
281
281
281
280
280
279
279
280
282
282
282
281
281
279
279
280
281
282
282
281
281
280
279
279
279
279
280
280
280
279
279
279
279
281
281
282
282
281
281
281
280
281
281
282
282
283
282
282
281
281
282
283
283
283
283
281
280
280
281
282
283
283
283
282
282
282
282
283
283
283
283
282
282
281
281
281
282
282
282
282
281
281
281
282
282
282
282
282
282
281
281
281
282
282
282
282
282
282
282
282
282
283
282
283
283
282
282
282
282
282
282
283
283
282
282
282
282
282
281
281
281
281
280
280
280
280
281
281
281
281
281
280
280
280
279
280
280
280
280
280
280
280
280
280
280
280
281
281
281
280
280
280
280
281
281
281
281
280
280
281
282
282
282
282
283
282
282
282
282
283
283
283
283
283
283
283
282
283
282
281
281
281
281
281
281
281
281
281
281
281
282
282
282
282
282
282
282
282
282
282
282
281
281
281
280
281
281
281
281
281
281
280
280
280
281
281
281
280
280
280
280
280
280
280
280
280
280
280
280
280
280
281
281
281
280
280
280
281
281
281
281
281
281
281
281
281
281
281
281
281
280
280
281
280
281
281
281
281
281
281
280
280
280
280
281
281
281
280
280
281
281
281
281
281
280
280
280
281
281
280
280
281
281
281
281
281
281
281
281
281
282
282
282
282
282
282
282
282
282
282
282
282
282
282
281
281
281
282
282
282
281
282
281
281
281
281
281
282
282
281
281
280
281
281
282
282
282
282
281
282
282
283
283
284
283
283
283
282
282
282
282
282
283
282
283
282
282
282
282
282
283
283
282
282
281
280
280
281
282
282
281
281
281
281
281
281
282
282
282
282
281
281
281
281
281
282
281
281
280
280
280
280
280
281
281
281
281
280
281
280
280
281
281
281
281
281
281
281
281
281
282
282
282
281
281
281
281
281
281
281
281
281
281
281
281
281
281
281
282
282
282
282
282
281
281
282
282
281
282
282
281
281
281
281
280
281
281
281
280
280
279
279
280
280
281
281
281
281
281
282
282
282
282
283
283
283
283
282
282
282
281
281
281
281
281
280
280
280
280
280
281
281
282
281
281
280
280
281
282
282
282
282
282
282
281
282
282
283
283
282
282
281
281
281
281
282
282
282
282
282
281
282
282
282
283
283
282
281
281
280
280
280
280
281
280
280
280
280
280
280
280
281
282
282
282
281
281
281
281
281
282
282
281
280
279
279
280
280
280
281
281
281
281
281
281
281
282
282
282
282
282
281
281
281
282
282
282
283
283
282
281
281
281
281
281
281
280
280
280
280
280
281
282
281
281
281
280
280
280
281
281
281
281
281
281
282
282
282
282
282
282
282
281
281
281
281
281
281
282
282
282
282
282
282
282
282
282
282
282
281
282
282
282
282
282
282
282
282
282
282
281
281
281
281
281
281
281
281
281
281
282
282
281
281
281
281
281
281
281
282
281
282
282
282
281
281
282
282
282
282
282
282
282
282
282
282
282
282
282
282
282
282
282
282
282
282
283
283
283
282
282
283
283
283
284
283
283
283
282
282
282
282
281
281
281
280
280
279
279
279
280
280
280
279
280
280
280
280
281
281
281
280
280
279
278
279
279
279
279
279
279
279
279
280
281
281
282
282
282
282
282
282
282
281
281
282
282
281
281
282
282
282
282
283
283
282
282
283
283
282
282
282
283
283
283
283
283
283
282
282
283
283
283
283
283
282
282
282
283
283
284
283
283
283
282
283
282
282
282
281
281
280
280
280
280
280
281
280
280
280
280
281
282
282
282
282
282
282
282
282
283
283
282
282
282
281
281
281
