 103
206
311
311
313
313
316
316
318
318
316
309
294
279
271
275
286
297
302
290
261
221
191
189
224
287
351
390
391
363
326
294
275
275
296
339
381
380
318
229
180
202
268
311
314
295
289
295
305
307
298
279
262
258
287
347
410
423
361
262
180
156
184
242
305
361
394
401
370
319
275
262
279
305
321
317
296
276
262
261
265
275
283
288
289
286
278
268
262
270
286
306
317
311
289
266
252
254
268
287
301
306
301
290
275
268
267
276
285
291
290
284
272
264
261
267
276
287
291
290
281
270
263
262
269
280
290
294
291
282
272
268
268
275
284
295
298
295
287
278
274
273
279
285
291
291
287
281
276
275
279
286
292
295
292
286
278
275
276
280
287
291
293
289
283
276
273
274
279
285
290
291
289
282
276
274
276
281
288
292
292
288
281
275
273
275
280
285
287
287
284
280
275
272
274
279
285
288
287
283
278
275
274
276
281
283
284
281
277
274
274
275
279
282
283
282
279
277
276
276
279
282
283
282
280
279
277
276
278
282
286
287
285
281
277
275
276
280
286
289
290
288
284
279
279
280
283
286
289
288
285
281
280
280
282
284
285
284
281
278
277
277
280
285
288
287
282
276
273
272
274
279
285
289
287
282
276
273
274
278
282
287
287
286
279
276
274
275
279
283
287
286
283
278
274
274
278
284
287
288
286
282
278
275
276
279
284
288
289
288
284
281
276
276
278
283
285
284
282
279
279
279
281
282
285
287
286
284
280
280
278
279
281
283
287
286
285
281
280
278
278
279
282
283
283
280
278
278
279
281
283
284
284
282
281
278
277
278
281
282
284
284
284
282
280
278
279
280
282
283
283
282
281
280
279
280
281
283
284
285
283
282
281
280
281
282
284
285
285
283
280
277
276
278
280
283
283
283
282
280
278
275
277
279
281
281
282
280
279
278
280
281
282
281
280
279
278
276
277
278
281
283
284
285
283
282
280
280
280
280
281
282
283
283
282
281
282
281
281
280
281
282
282
283
284
284
283
282
280
280
281
282
282
282
282
282
281
281
280
280
281
281
280
280
281
281
281
280
280
280
280
281
281
281
280
281
282
283
284
283
283
283
282
281
280
280
280
281
281
281
282
281
282
281
281
280
281
280
281
280
280
