 31
62
94
126
158
191
225
258
292
327
331
335
340
344
348
352
357
362
365
362
353
340
326
314
306
300
291
279
264
252
253
268
287
296
288
276
275
290
315
335
341
333
321
318
332
352
355
340
326
312
306
307
308
310
311
316
329
350
361
369
375
374
368
361
328
304
290
276
263
261
255
246
251
264
305
334
342
343
350
351
362
377
381
369
351
330
318
316
314
315
316
320
328
345
358
367
371
369
363
356
346
334
320
307
295
288
285
284
284
288
297
310
322
330
336
340
345
351
357
354
347
333
321
313
309
308
308
309
310
316
323
332
338
343
347
348
346
341
333
325
318
310
304
298
292
288
286
289
293
298
303
310
318
327
336
343
345
343
339
335
331
326
321
315
310
307
306
310
314
319
325
332
340
345
348
347
343
337
330
322
313
303
294
288
284
283
284
288
295
305
316
326
333
338
340
342
341
340
335
328
319
311
306
303
303
304
309
313
320
328
335
339
341
341
337
332
324
316
308
299
292
287
284
283
285
289
295
303
311
318
323
328
331
333
334
333
328
322
315
310
305
303
302
303
305
308
314
319
325
329
332
333
332
329
323
316
309
301
295
290
287
285
285
287
292
298
305
312
319
325
329
331
333
332
329
325
320
314
309
306
304
304
306
308
312
318
323
328
332
333
331
327
321
315
309
302
295
289
285
283
283
284
288
294
301
307
314
318
322
324
326
327
326
322
317
311
305
301
299
298
299
301
304
308
314
319
323
326
325
323
319
313
308
302
296
291
287
283
282
283
286
290
296
302
307
312
317
321
323
324
323
320
316
311
306
302
300
300
300
302
304
308
313
317
321
323
323
321
318
314
309
303
298
293
288
285
284
284
286
289
294
300
305
310
314
318
320
321
321
319
315
311
307
303
300
300
300
301
303
306
309
313
317
319
320
319
316
312
308
303
298
293
289
286
284
283
285
287
291
296
300
305
309
313
316
317
317
316
313
309
306
302
300
298
298
298
300
302
306
309
312
314
315
315
313
310
306
301
296
291
287
284
282
281
281
283
286
291
296
301
305
309
311
313
314
314
312
309
305
302
299
297
296
297
298
300
303
306
310
313
315
315
314
311
307
303
298
294
290
287
285
284
284
286
289
293
297
301
305
308
310
312
313
312
310
308
305
302
300
298
297
297
298
299
301
304
307
309
311
311
310
307
304
301
297
293
289
285
283
281
281
282
285
288
292
296
300
304
306
307
308
308
307
306
304
302
299
297
296
296
296
298
299
301
303
306
307
308
308
306
304
300
296
292
288
285
282
281
281
282
284
288
291
295
299
303
305
307
307
307
306
305
303
301
299
297
296
295
295
297
299
301
303
304
306
307
307
307
305
302
299
295
291
288
285
284
282
283
284
287
290
294
297
300
303
305
306
306
306
304
302
300
297
296
295
295
295
296
297
299
301
303
304
305
305
304
302
299
295
292
289
286
283
281
280
280
281
284
287
290
293
296
299
301
303
303
303
302
301
299
297
295
294
294
293
294
295
297
299
301
302
303
303
302
301
300
297
294
290
287
285
283
282
282
283
285
287
290
294
296
299
301
302
302
301
301
300
299
298
296
295
294
294
295
296
297
298
299
300
301
302
303
302
300
297
294
290
287
285
283
282
281
281
283
285
288
291
294
297
299
300
301
301
301
300
298
297
295
294
293
293
293
293
294
295
297
299
300
300
300
298
296
295
293
290
288
286
283
281
281
281
282
284
287
289
292
294
296
298
300
301
301
300
299
297
295
294
293
292
292
292
294
295
296
298
298
299
299
299
298
296
293
291
288
286
285
283
283
283
284
285
287
289
291
293
295
297
298
299
300
299
298
296
294
293
292
292
292
292
292
294
295
297
299
277
276
276
276
275
275
276
276
276
277
277
