 103
206
311
312
315
316
318
319
322
325
334
338
333
313
287
266
254
254
259
264
267
270
275
285
285
270
252
244
249
253
263
298
375
468
479
415
325
290
375
366
313
176
179
270
362
386
344
289
290
276
275
275
313
338
335
328
333
331
316
283
256
265
296
313
299
275
279
306
330
326
306
292
296
307
313
303
291
289
304
322
325
308
286
276
283
294
297
293
292
298
310
318
315
303
291
288
295
303
305
302
300
303
306
303
294
284
279
282
288
296
299
300
302
305
306
304
298
292
292
295
299
302
302
300
297
295
289
284
279
281
285
291
295
299
301
301
301
300
297
294
291
293
296
300
301
300
296
291
287
285
286
287
289
292
296
300
302
303
301
298
296
296
297
298
298
299
302
302
299
294
289
287
286
287
290
293
297
299
301
301
298
294
293
295
298
300
298
298
297
298
295
293
289
288
287
287
289
291
294
296
297
297
296
294
292
290
290
293
295
296
295
294
292
289
286
285
284
285
286
289
292
294
295
295
296
295
293
291
291
292
294
295
294
292
290
290
288
287
285
285
288
291
294
294
295
295
296
294
293
292
292
294
295
296
295
293
290
288
287
288
289
290
290
291
294
297
298
299
298
297
295
294
295
295
295
294
294
293
292
291
289
289
289
289
289
291
294
296
296
295
294
293
293
293
292
292
292
293
293
291
290
288
288
288
288
288
289
290
291
292
293
293
292
291
291
291
292
291
290
289
290
289
289
287
287
287
289
289
289
288
289
291
293
294
293
291
290
291
293
294
294
292
291
291
290
291
289
290
289
289
289
291
290
292
293
295
293
292
290
291
292
294
293
292
290
291
291
290
289
288
289
289
289
290
291
292
292
294
294
293
292
291
292
291
291
291
290
290
289
289
287
288
288
288
288
289
289
289
289
290
291
292
291
290
289
289
289
289
289
288
287
286
287
288
288
288
288
289
290
292
291
290
290
290
292
291
290
290
290
292
292
291
289
288
290
290
292
291
290
290
292
293
293
292
291
290
290
291
292
293
292
292
290
289
288
290
290
291
291
291
289
290
293
295
293
290
289
289
290
290
289
290
291
291
290
289
288
287
288
289
290
289
289
289
291
290
289
289
289
290
289
288
288
289
290
289
287
286
286
287
287
