 312
320
326
332
340
349
354
360
366
371
396
411
399
364
327
299
287
284
294
299
288
261
225
203
219
251
298
332
350
336
298
263
248
260
285
309
305
296
281
269
271
271
271
281
299
319
331
328
303
278
264
271
295
322
337
323
299
262
242
243
262
285
309
316
316
296
278
264
261
274
298
323
331
329
311
288
272
265
276
286
306
317
316
306
289
275
272
283
304
325
333
323
305
282
270
264
277
291
300
305
301
293
275
264
266
279
300
320
329
322
303
286
276
283
292
303
307
307
295
284
274
273
278
289
300
310
313
310
299
287
284
281
284
284
288
288
286
279
278
278
279
285
288
292
299
296
293
292
292
295
304
304
304
297
283
277
274
281
287
296
302
303
300
298
293
286
287
292
302
302
300
296
290
282
279
281
279
286
287
287
288
291
289
290
294
295
299
307
305
301
300
295
291
283
286
287
292
293
291
291
291
293
295
298
301
301
301
295
289
286
283
286
285
284
280
281
280
280
281
285
286
291
295
299
300
298
295
291
290
289
289
292
291
288
285
284
285
283
287
294
294
296
298
294
294
292
289
285
290
288
288
283
281
279
278
282
280
286
290
292
293
296
294
293
294
297
300
301
292
294
286
285
282
286
289
295
299
301
296
296
293
294
294
297
297
294
297
288
288
280
276
277
277
280
286
291
291
293
290
287
289
291
293
294
297
295
294
291
290
285
284
286
287
291
296
294
291
291
287
290
295
295
298
295
290
288
285
277
282
280
283
288
288
285
286
285
285
291
290
295
293
294
292
290
287
291
289
287
285
285
287
286
286
288
292
295
291
293
293
294
292
293
292
289
290
281
280
277
280
281
283
285
285
285
284
286
293
296
298
295
292
290
290
292
290
293
293
289
289
290
284
285
284
290
295
301
300
295
289
286
283
282
283
282
286
283
286
284
279
278
280
284
288
293
291
296
289
287
285
287
290
293
295
292
291
287
282
282
282
288
288
288
293
291
289
290
293
292
292
293
287
283
284
277
279
284
281
287
287
286
285
287
287
288
292
291
297
296
296
289
288
282
282
281
287
293
296
293
295
286
284
282
285
292
297
296
294
292
282
279
281
283
285
287
288
286
283
280
279
285
287
289
293
296
294
294
288
287
286
289
291
