 18
36
54
71
88
104
121
136
152
167
181
194
208
224
242
262
282
299
310
316
302
293
290
290
288
284
277
270
267
267
271
278
284
286
283
276
268
264
267
276
288
296
297
293
290
289
291
296
301
304
303
298
292
287
284
284
287
291
294
295
293
289
286
286
288
293
297
299
297
293
288
285
285
287
291
294
294
293
290
287
287
288
290
293
294
293
291
289
287
287
289
292
294
294
292
289
285
283
283
285
286
287
286
285
283
282
281
282
283
284
284
283
282
280
280
280
282
284
285
285
284
282
280
279
279
280
281
282
282
281
279
279
279
280
281
282
282
281
280
279
279
280
282
283
284
284
283
282
281
281
281
282
283
283
283
282
282
281
282
282
283
284
284
283
283
283
283
284
285
286
286
286
285
285
284
284
285
286
286
286
286
285
284
284
284
284
285
285
285
284
283
283
283
283
284
284
284
283
283
282
282
282
282
282
282
282
281
281
280
280
280
281
281
281
280
280
279
279
279
279
280
280
280
279
279
279
279
279
279
279
280
280
279
279
279
279
280
280
280
280
280
280
280
280
280
280
280
280
281
281
281
281
281
282
282
282
282
282
282
283
283
283
283
283
283
283
284
284
284
285
285
285
285
285
285
285
285
285
285
285
285
285
285
285
285
285
285
285
284
284
284
284
284
283
283
283
283
283
282
282
282
282
282
282
282
282
282
281
281
281
281
280
280
280
280
280
280
280
280
280
280
280
280
279
279
279
279
279
279
279
279
279
279
279
279
279
279
279
279
279
279
279
279
280
280
280
280
280
280
280
280
281
281
281
281
281
281
281
281
282
282
282
283
283
283
283
283
283
284
284
284
284
285
284
284
284
284
285
285
285
285
285
285
284
284
284
284
284
284
284
284
283
283
283
283
284
284
283
283
283
282
282
282
282
282
282
282
281
281
281
282
281
281
281
280
280
280
280
280
280
280
280
279
279
279
279
279
279
279
279
279
279
279
279
279
279
279
279
279
279
279
279
279
280
280
280
280
280
280
280
280
281
281
282
282
282
282
282
282
283
283
283
283
283
283
283
283
283
283
284
284
284
284
284
284
283
284
284
284
284
284
284
284
284
284
284
284
284
284
284
284
284
283
283
283
284
284
283
283
283
282
