 104
209
315
318
322
325
329
328
328
327
325
314
297
288
297
321
349
376
390
382
338
263
181
135
156
235
324
371
358
310
265
238
228
226
237
262
302
338
355
348
321
287
259
248
255
274
296
316
322
314
299
285
281
289
307
322
323
310
285
261
248
254
272
293
307
308
296
279
264
261
269
286
303
314
309
294
275
263
262
272
287
299
302
297
285
273
266
269
280
293
301
300
290
275
262
258
265
278
291
298
295
284
271
262
261
269
281
293
299
296
285
272
264
264
272
283
293
295
293
287
280
274
275
279
287
293
293
289
282
277
276
277
283
289
293
292
285
278
273
271
274
280
288
292
291
286
281
277
276
279
285
290
291
289
285
279
276
276
278
283
287
290
287
282
276
275
274
278
283
288
289
287
283
278
276
277
281
285
289
288
284
279
276
275
278
280
284
286
287
285
280
277
275
278
281
285
287
286
283
278
275
275
278
281
283
285
285
283
279
277
276
278
279
283
284
283
282
279
277
276
278
281
282
283
283
282
279
279
278
280
282
284
283
281
279
279
279
280
281
283
284
284
283
281
279
279
280
283
285
286
285
282
279
278
279
282
285
286
285
284
282
280
279
281
282
285
285
286
284
282
279
278
278
281
283
285
285
283
281
280
280
279
279
281
283
285
284
283
280
279
277
279
280
281
282
282
282
281
280
281
281
282
282
281
280
280
281
281
281
281
281
282
281
281
280
281
282
282
282
281
281
282
283
282
282
283
284
283
281
279
279
281
283
284
284
283
282
282
282
283
284
286
286
285
283
281
278
276
276
279
282
285
285
284
281
277
276
278
280
283
285
285
282
279
278
278
279
282
285
285
284
281
279
278
279
282
285
286
286
284
281
279
279
281
284
286
286
284
280
278
277
279
281
282
285
285
284
281
280
279
281
282
284
285
285
285
283
281
281
282
284
286
285
285
283
282
280
281
281
284
284
284
282
281
281
281
282
283
283
284
284
282
280
278
278
279
281
284
284
284
282
281
279
278
279
282
283
284
283
280
278
277
278
279
281
282
283
284
283
280
279
279
282
284
285
284
283
280
279
278
279
282
284
286
285
283
281
280
280
282
283
284
283
282
280
280
281
283
283
283
284
284
283
282
281
281
281
282
283
284
283
