 103
206
311
312
314
314
313
313
312
311
307
298
283
269
263
266
278
292
302
303
295
285
275
272
276
285
296
302
304
302
295
283
271
262
258
256
256
257
258
259
259
262
271
282
290
294
295
297
304
318
342
369
391
395
382
367
364
378
386
352
244
117
25
23
140
324
505
564
511
404
302
245
234
266
311
342
342
328
306
285
267
271
291
312
314
314
309
308
297
281
275
290
331
379
413
412
375
323
275
250
249
264
285
303
311
306
287
267
256
274
314
361
389
382
349
309
288
292
314
340
346
331
301
282
277
285
300
319
335
347
355
351
333
312
294
293
303
320
332
333
322
303
281
264
256
260
273
291
305
311
308
302
299
307
321
337
344
341
331
319
307
298
299
299
299
291
288
287
286
287
289
297
311
325
336
339
333
324
316
312
308
305
299
292
285
282
280
281
281
284
291
301
310
318
323
324
323
322
322
324
325
323
317
308
293
283
279
284
289
295
304
313
317
315
314
315
317
320
322
324
321
316
306
295
285
279
275
274
275
279
284
289
293
298
302
310
317
325
329
328
324
317
311
305
301
298
293
287
284
288
293
297
299
302
306
310
315
318
321
321
321
318
311
303
295
291
287
286
285
284
282
281
283
286
293
300
308
315
320
322
321
319
314
310
303
299
296
294
289
287
287
290
291
293
296
301
306
312
317
320
321
320
318
314
308
299
290
285
283
282
282
282
282
282
283
286
291
299
307
315
319
322
322
322
319
313
307
301
297
295
294
295
295
294
293
293
296
301
306
312
315
318
317
315
312
308
303
297
291
287
284
282
279
279
279
281
283
288
294
303
311
315
315
312
310
308
307
305
303
300
293
287
282
281
282
285
291
296
301
303
304
303
304
305
307
310
310
307
300
293
286
282
279
278
278
279
281
282
284
288
291
297
302
309
314
317
318
317
312
306
300
295
291
288
286
286
287
290
293
297
301
306
308
310
312
313
312
309
305
300
294
290
288
287
286
283
281
279
279
282
287
295
302
305
306
303
301
299
299
300
301
301
299
299
296
293
287
284
282
283
287
292
298
301
304
305
307
308
310
310
306
298
289
281
279
279
285
287
286
281
276
275
278
288
298
305
309
309
308
307
307
307
305
300
296
291
289
290
291
292
292
299
304
307
306
306
306
305
305
304
304
300
296
290
284
279
278
280
285
289
293
295
297
297
297
297
299
303
306
308
309
307
302
296
291
288
287
288
291
293
294
294
295
296
297
299
302
304
306
304
301
297
293
289
286
284
282
281
280
280
281
282
284
287
290
294
297
300
300
301
300
300
300
300
298
295
291
287
285
285
286
288
290
293
295
298
300
303
304
304
303
301
299
294
290
287
286
284
283
283
282
279
277
278
281
287
295
302
307
307
304
299
295
293
294
296
299
300
300
297
277
277
276
277
278
277
277
277
278
278
278
281
285
290
292
293
292
290
290
293
299
303
304
302
297
293
290
289
288
289
289
288
286
285
285
287
288
292
296
300
302
301
298
294
290
287
286
285
285
285
284
282
