 103
205
307
305
305
304
303
303
302
302
297
290
279
269
265
268
278
285
287
281
268
254
248
256
275
298
314
316
308
299
297
302
311
318
317
307
289
278
274
278
285
291
296
300
308
311
308
295
273
250
243
258
291
320
333
325
310
300
270
270
268
268
267
267
270
276
281
290
299
306
308
305
299
289
281
279
283
291
296
299
295
288
282
280
284
291
298
300
296
286
274
264
263
272
283
293
296
293
286
281
279
282
286
290
290
287
282
280
280
285
290
294
292
287
282
277
275
276
279
284
286
286
284
281
281
282
286
289
290
289
287
285
284
282
283
286
289
291
289
287
285
282
280
278
281
283
285
282
279
279
281
287
290
294
292
288
283
281
282
283
287
290
290
287
283
280
277
280
284
289
289
288
283
280
277
279
281
287
288
291
288
286
281
278
276
279
284
289
291
288
282
277
276
280
284
287
287
283
278
274
274
277
282
285
286
286
283
280
275
275
278
284
289
289
286
283
281
280
279
280
282
286
287
285
281
279
278
280
281
285
286
286
283
280
279
281
283
288
290
292
288
284
280
279
282
284
288
286
286
283
281
279
279
280
283
284
285
283
282
282
282
283
283
285
285
286
286
284
283
281
282
282
283
283
283
281
281
279
280
280
283
283
283
282
280
280
280
282
282
282
282
283
282
281
280
281
282
284
286
287
286
284
281
278
278
280
284
285
286
284
282
279
278
280
281
283
283
284
284
283
280
279
280
283
287
288
288
284
280
278
278
281
283
284
284
283
283
283
283
282
282
284
285
286
285
286
285
284
284
284
284
282
283
284
286
284
282
280
280
281
283
284
284
282
280
281
281
282
283
285
286
285
283
281
280
281
281
281
282
284
285
282
281
279
280
280
281
282
283
284
284
284
284
282
281
282
284
284
283
283
281
280
279
280
281
283
284
285
285
284
282
282
281
281
281
283
283
284
282
281
279
281
283
285
286
285
284
282
282
282
283
284
286
285
284
281
279
278
281
284
287
287
286
283
281
279
279
281
285
287
287
284
280
278
279
281
284
285
287
287
285
282
279
280
282
285
288
289
