 31
62
93
124
155
186
218
249
280
311
311
310
309
309
309
309
309
308
306
303
301
298
298
297
296
294
293
295
294
292
291
290
289
288
286
286
285
283
282
281
303
302
302
302
302
301
301
300
299
299
297
297
295
294
293
292
291
291
289
289
289
289
277
277
277
276
276
275
275
274
274
274
274
275
276
278
280
282
285
288
290
292
294
296
298
300
299
299
297
295
294
293
292
291
290
290
290
291
292
293
295
297
299
300
300
300
298
296
294
292
289
287
285
283
283
282
282
284
285
288
291
294
296
297
298
298
299
298
297
296
294
292
291
290
290
290
290
292
293
295
297
298
298
298
297
296
294
292
291
289
286
285
283
282
281
282
283
285
287
289
291
292
294
296
297
297
296
295
292
290
289
287
286
285
286
287
288
290
291
292
293
293
294
294
294
294
292
290
287
285
283
282
282
282
283
283
284
286
288
290
292
294
296
296
296
295
294
293
292
291
290
289
289
289
289
290
290
291
293
295
296
297
296
295
293
292
290
289
288
287
285
284
283
283
283
284
287
289
291
293
294
295
295
295
295
294
293
292
290
288
286
285
285
286
287
288
290
292
293
293
293
293
292
292
291
290
288
285
283
281
281
281
281
282
283
285
286
287
289
290
291
292
293
293
292
290
288
287
286
285
285
285
286
287
287
289
290
291
292
294
294
294
293
292
290
288
286
285
284
284
284
284
284
284
284
286
288
290
291
292
293
293
293
292
291
291
290
290
289
289
287
287
287
289
290
292
294
294
294
293
292
291
291
290
289
288
286
284
282
282
282
282
283
285
286
287
288
289
290
291
292
293
293
292
291
289
288
287
286
286
285
284
284
284
283
283
282
282
283
283
284
285
286
286
287
288
289
290
291
292
293
293
292
292
291
289
288
287
286
285
284
283
282
282
282
284
285
286
287
288
289
290
290
290
290
290
289
288
288
287
286
286
285
285
286
287
288
289
289
289
289
288
288
287
286
285
283
281
280
279
278
279
279
280
281
282
283
284
286
288
290
290
290
281
281
279
279
279
278
278
278
279
279
279
279
280
280
281
281
282
283
284
284
285
286
288
289
289
290
290
289
289
289
289
288
287
287
286
285
285
286
287
287
288
288
289
289
289
289
288
287
286
285
284
283
282
282
282
282
282
283
283
284
285
286
286
286
287
288
288
289
288
287
285
284
285
284
284
285
285
285
285
286
286
288
288
288
288
287
286
285
284
284
283
282
281
281
280
280
281
281
283
283
284
285
286
286
287
287
287
287
286
286
286
285
285
285
286
286
286
287
288
288
290
290
290
290
289
289
288
287
286
286
285
284
284
283
283
283
283
284
285
285
286
287
288
289
289
289
288
288
287
287
285
285
284
284
285
286
287
288
288
288
288
288
288
288
287
286
284
283
282
281
281
280
280
280
280
281
281
283
283
285
286
287
289
289
289
289
289
287
287
287
286
285
285
284
284
284
285
285
286
286
286
286
286
286
286
285
285
284
284
283
282
282
282
281
282
282
283
284
285
286
287
287
288
288
288
288
287
287
287
287
286
286
286
286
287
287
288
288
288
288
287
286
286
286
285
285
283
282
281
281
281
281
281
282
282
282
283
284
285
286
286
287
286
286
286
286
286
286
286
286
286
285
286
286
286
286
286
286
287
286
286
286
285
284
283
283
282
281
281
281
280
280
281
282
282
283
284
285
286
286
286
286
286
285
285
284
283
283
282
282
282
283
284
285
285
286
286
286
286
287
286
285
285
284
284
283
282
282
281
281
281
282
283
283
283
284
284
285
286
287
287
286
285
285
285
285
285
285
285
285
285
285
286
286
287
287
287
287
287
286
286
285
285
284
284
283
283
283
283
283
283
283
284
284
285
285
285
285
286
286
286
285
285
285
285
284
283
283
283
283
283
284
284
284
284
284
285
284
284
284
284
283
283
283
283
282
282
281
281
282
282
282
282
283
283
283
283
284
285
285
284
284
284
283
283
284
284
284
284
284
284
284
285
285
285
285
285
285
284
284
284
283
283
283
282
283
283
284
284
284
284
285
286
286
287
287
287
286
286
285
285
284
284
284
284
284
284
284
284
285
286
287
