 103
210
320
330
340
354
358
363
368
376
383
387
382
371
355
334
314
302
314
353
404
427
383
286
189
146
146
154
157
180
232
296
333
335
333
336
391
443
456
380
282
250
283
323
315
271
232
243
299
384
443
450
375
252
149
128
195
309
411
451
419
339
257
203
200
246
321
384
408
380
313
241
200
209
263
332
385
392
354
289
228
197
211
264
328
370
368
325
264
216
206
233
284
333
361
353
316
264
229
223
254
303
346
357
333
287
243
222
232
267
309
341
349
327
290
251
233
241
275
311
332
325
295
259
234
230
250
283
316
334
329
304
270
247
244
264
295
320
326
311
285
259
248
254
278
306
326
328
310
281
256
247
258
281
302
313
309
293
271
255
254
267
289
307
317
310
293
272
258
258
271
291
307
310
302
286
272
264
268
279
293
304
305
296
281
268
262
266
277
288
293
290
281
272
266
268
276
287
295
298
292
281
271
268
272
279
288
294
295
290
279
270
266
269
279
289
297
296
289
277
269
266
269
278
288
293
294
288
279
269
265
268
277
286
294
296
293
284
275
270
273
278
287
293
295
289
281
274
271
274
282
290
295
295
291
281
274
271
275
282
290
296
296
291
283
274
271
274
283
291
294
292
287
281
277
276
280
284
290
291
290
284
279
275
276
279
286
290
291
286
280
275
274
274
278
283
287
288
285
281
275
272
273
277
283
288
290
287
283
276
272
272
277
283
289
289
287
281
277
274
275
279
286
290
289
284
278
274
273
275
282
289
294
292
287
280
273
270
272
279
287
292
294
290
284
278
275
275
279
286
292
294
291
284
279
276
277
281
285
287
288
285
283
280
279
279
282
286
289
289
287
284
282
280
281
283
284
285
283
283
283
282
283
282
283
283
284
284
284
282
282
281
282
282
281
280
280
280
280
282
283
283
282
280
278
277
277
279
281
282
281
281
278
277
277
277
278
279
281
284
284
283
281
279
279
279
280
281
282
283
281
280
278
278
279
281
282
282
280
279
279
280
280
282
284
286
284
280
278
278
280
282
284
286
288
287
284
281
279
280
281
285
288
289
287
284
282
280
281
282
284
286
287
286
283
281
280
280
282
283
285
285
285
282
282
280
281
281
283
283
283
282
281
279
281
282
284
282
283
281
